# Lidar:OS2. First column is range (meters), second is # points.
 45.00   0.00
 44.75   0.00
 44.50   0.00
 44.25   0.00
 44.00   0.00
 43.75   0.00
 43.50   0.00
 43.25   0.00
 43.00   0.00
 42.75   0.00
 42.50   0.00
 42.25   0.00
 42.00   0.00
 41.75   0.00
 41.50   0.00
 41.25   1.00
 41.00   0.00
 40.75   0.00
 40.50   1.00
 40.25   1.00
 40.00   1.00
 39.75   0.00
 39.50   0.00
 39.25   0.00
 39.00   0.00
 38.75   0.00
 38.50   0.00
 38.25   0.00
 38.00   0.00
 37.75   0.00
 37.50   0.00
 37.25   0.00
 37.00   0.00
 36.75   0.00
 36.50   0.00
 36.25   0.00
 36.00   0.00
 35.75   0.00
 35.50   0.00
 35.25   0.00
 35.00   0.00
 34.75   0.00
 34.50   0.00
 34.25   0.00
 34.00   0.00
 33.75   0.00
 33.50   0.00
 33.25   0.00
 33.00   0.00
 32.75   0.00
 32.50   0.00
 32.25   0.00
 32.00   1.00
 31.75   1.00
 31.50   1.00
 31.25   1.00
 31.00   1.00
 30.75   0.00
 30.50   0.00
 30.25   0.00
 30.00   0.00
 29.75   0.00
 29.50   0.00
 29.25   0.00
 29.00   0.00
 28.75   0.00
 28.50   0.00
 28.25   0.00
 28.00   0.00
 27.75   0.00
 27.50   0.00
 27.25   0.00
 27.00   0.00
 26.75   0.00
 26.50   0.00
 26.25   0.00
 26.00   1.00
 25.75   1.00
 25.50   1.00
 25.25   0.00
 25.00   0.00
 24.75   0.00
 24.50   0.00
 24.25   0.00
 24.00   0.00
 23.75   0.00
 23.50   0.00
 23.25   0.00
 23.00   0.00
 22.75   0.00
 22.50   0.00
 22.25   1.00
 22.00   2.00
 21.75   2.00
 21.50   2.00
 21.25   0.00
 21.00   0.00
 20.75   0.00
 20.50   0.00
 20.25   0.00
 20.00   2.00
 19.75   2.00
 19.50   2.00
 19.25   2.00
 19.00   3.00
 18.75   3.00
 18.50   3.00
 18.25   0.00
 18.00   0.00
 17.75   0.00
 17.50   2.00
 17.25   2.00
 17.00   2.00
 16.75   3.00
 16.50   3.00
 16.25   3.00
 16.00   0.00
 15.75   2.00
 15.50   2.00
 15.25   2.00
 15.00   3.00
 14.75   3.00
 14.50   0.00
 14.25   2.00
 14.00   2.00
 13.75   2.00
 13.50   3.00
 13.25   3.00
 13.00   2.00
 12.75   2.00
 12.50   3.00
 12.25   3.00
 12.00   5.00
 11.75   2.00
 11.50   3.00
 11.25   3.00
 11.00   5.00
 10.75   3.00
 10.50   5.00
 10.25   9.00
 10.00   4.00
  9.75   9.00
  9.50   9.00
  9.25   5.00
  9.00   9.00
  8.75   5.00
  8.50   9.00
  8.25  10.00
  8.00   9.00
  7.75  14.00
  7.50   9.00
  7.25  10.00
  7.00  18.00
  6.75  20.00
  6.50  21.00
  6.25  28.00
  6.00  28.00
  5.75  28.00
  5.50  28.00
  5.25  32.00
  5.00  43.00
  4.75  36.00
  4.50  27.00
  4.25   9.00
  4.00   0.00
  3.75   0.00
  3.50   0.00
  3.25   0.00
  3.00   0.00
  2.75   0.00
  2.50   0.00
  2.25   0.00
  2.00   0.00
  1.75   0.00
  1.50   0.00
  1.25   0.00
  1.00   0.00
  0.75   0.00
  0.50   0.00
  0.25   0.00
  0.00   0.00
